%rungetcorr



%%%%%%%%%  Make a heatmap with labeled rows and colums for an ROI by ROI matrix %%%%%%%%

%corrmat=correlation matrix from roi-roi corr excel file output by the
%getroicorr script; replace "Inf" with 1 on diagonal. I just paste this
%into matlab like this:

corrmat=[NaN	0.108954611	0.047385317	0.145385203	0.036248574	0.044224284	0.004373993	0.041180648	0.051053627	0.013129786	0.006496274	-0.033345552	-0.002564576	-0.098719365	-0.026614031	-0.016516386	-0.054516118	0.007011381	0.03223208	0.073511047	0.005558539	0.042599583	-0.033389461	-0.060876934	-0.094219802	-0.046965349	-0.007015203	-0.016909928	-0.034563138	-0.067657116	-0.096715371	-0.142696738	0.066953074	0.023679233	-0.010844779	-0.0555536	0.053865132	-0.044353859	0.049924018	0.078791344	0.177235806	-0.011635962	-0.084542229	0.019512628	0.067641112	-0.143662445	-0.133078844	-0.067904701	-0.097242793	-0.052863049	0.010002757
0.108954611	NaN	0.137187839	0.265655861	0.091179454	0.066346646	0.00173169	0.054091448	-0.023915044	0.023592731	0.033704405	-0.063814156	-0.04725378	-0.128433922	0.029015082	0.076451074	0.051994731	-0.059559904	0.058312084	0.019141777	-0.055594952	0.051065276	-0.078616754	-0.045829645	-0.047738991	-0.026813551	0.002861121	-0.053215828	-0.043432833	-0.043747154	-0.054481416	-0.2114523	-0.085035877	-0.135979787	0.001243317	-0.13017082	-0.010573098	0.003478751	0.050716869	-0.013831141	0.212906957	-0.014102742	-0.06609186	0.142170281	0.00748401	-0.129557634	-0.145124542	-0.150526998	-0.134536184	-0.164733925	-0.147533138
0.047385317	0.137187839	NaN	0.081834652	0.112918987	0.090873692	0.004513395	0.088014519	0.059050573	-0.114278101	-0.130421663	-0.113327914	0.005900026	-0.052368578	-0.115863639	-0.097557521	-0.108879282	-0.068143987	0.007124505	0.044781401	-0.01823134	0.006560797	-0.018639963	0.02373468	0.049525486	0.052022443	-0.038782803	-0.040689893	-0.115196475	-0.14658427	-0.073009574	-0.060118927	0.034733187	0.073269862	0.058842492	0.094229247	0.007339237	0.020540892	0.144944371	0.066079599	0.094177764	0.13501936	0.029358968	0.001915112	0.094605363	0.031127393	-0.011149325	0.002695878	0.008752149	-0.069653952	-0.092077819
0.145385203	0.265655861	0.081834652	NaN	0.154494454	0.062585093	0.11690134	0.167096308	0.138032899	-0.150588781	-0.227494814	-0.229544312	-0.135038258	-0.132431655	-0.134088864	-0.046182967	0.041076237	0.020236361	0.042498302	0.016635976	-0.103599443	-0.030948307	-0.071377022	-0.019000112	0.118290685	0.072304498	-0.104656065	-0.128397174	-0.076092959	-0.095367297	0.006119528	0.015928814	0.003748364	0.000164959	0.006684067	0.056904491	0.128349407	0.124177117	0.150445256	0.05830874	0.150122684	0.057403543	-0.078831105	-0.073259473	0.137081815	-0.003549012	-0.02480174	-0.121214648	-0.094453081	-0.176856034	-0.225954128
0.036248574	0.091179454	0.112918987	0.154494454	NaN	0.059080036	-0.02306601	0.075779556	0.100815292	-0.128245754	-0.139148492	0.038295724	0.042953934	-0.002516719	-0.114847961	-0.018574781	-0.073574285	0.013189401	0.042471434	0.005969032	-0.033417429	-0.017078987	-0.055174049	-0.027080278	0.016390439	-0.034262322	-0.049256954	-0.026945449	-0.131725125	-0.147808616	0.002561472	-0.112248394	-0.001487893	0.045049728	-0.060181	0.054730289	0.04021975	0.010955853	0.091748895	0.036659695	0.100938738	0.022184934	0.008787797	-0.074321486	0.038474372	0.018694065	0.018217867	-0.03175669	-0.06997855	-0.143361434	-0.104465263
0.044224284	0.066346646	0.090873692	0.062585093	0.059080036	NaN	0.120051468	0.1148602	0.152230237	-0.124418758	-0.178023286	0.009795985	0.019844582	-0.073915056	-0.053963808	-0.009150616	-0.012334629	0.008207781	0.047156054	0.026127966	-0.056445012	-0.024854874	0.016064747	0.058634741	0.065601332	-0.068724775	0.112780991	0.046158314	-0.029620323	-0.030740627	0.04756591	-0.04360963	0.04269966	0.083796966	0.00169155	0.132689108	0.079650264	0.070301995	-0.020205437	0.074856085	0.03334437	0.056965203	-0.040638908	-0.071202535	0.098068927	-0.039106213	-0.059664911	0.018752551	0.004261628	-0.256376708	-0.236121364
0.004373993	0.00173169	0.004513395	0.11690134	-0.02306601	0.120051468	NaN	0.120109569	0.024041709	-0.011590381	0.002521139	-0.057836366	-0.137832089	-0.070204763	-0.061542114	-0.035222745	0.01698155	-0.008999133	0.012406318	-0.118820048	-0.016862646	-0.043340038	0.071361904	0.114091402	0.135140266	0.086769682	0.004484064	0.042022173	-0.076760958	-0.110083442	0.005834833	-0.054411245	-0.058942329	0.051308639	0.009748345	-0.058792315	-0.057044736	0.150069737	0.057502991	0.041310408	0.145371496	0.043092614	0.134282218	0.030272295	-0.006703865	-0.018589855	-0.033044153	-0.027198664	0.051159513	0.041053629	0.084521806
0.041180648	0.054091448	0.088014519	0.167096308	0.075779556	0.1148602	0.120109569	NaN	-0.001169168	-0.091230983	-0.103674228	-0.073438182	-0.209483233	-0.160023448	-0.02635372	-0.032473013	0.024832399	-0.039989277	-0.0042605	-0.120503017	-0.074280147	-0.024260612	0.028442299	0.044322808	0.155181809	0.063051291	-0.017255237	0.002772316	-0.065054884	-0.126125831	-0.00754612	-0.1377317	0.003498842	0.05561028	-0.062867201	-0.025987634	-0.112526437	-0.037991576	-0.046939211	-0.024549321	0.063363728	-0.010634392	0.077775972	0.000304305	-0.068023625	-0.032967714	-0.033632783	0.010276659	0.117616588	0.019892648	0.021751506
0.051053627	-0.023915044	0.059050573	0.138032899	0.100815292	0.152230237	0.024041709	-0.001169168	NaN	-0.062554734	0.017636412	-0.109921487	-0.107194599	0.006950511	0.009914222	0.110611542	0.090182626	0.115326636	-0.084393206	0.057687327	-1.85E-02	0.083842442	-0.066222009	-0.021798913	-0.040188674	0.056937394	-0.066515664	-0.044837681	-0.019354045	0.010193295	0.002406272	0.08098809	-0.057604668	-0.095442191	-0.041717274	-0.039830067	0.026477548	0.046116015	0.10044598	0.048748816	0.176627029	0.13322179	-0.012035904	0.136607795	0.124623986	0.033205954	0.032809347	-0.128374695	-0.12627667	0.007561969	0.023223855
0.013129786	0.023592731	-0.114278101	-0.150588781	-0.128245754	-0.124418758	-0.011590381	-0.091230983	-0.062554734	NaN	0.065000151	-0.049282603	-0.093332943	0.069270002	-0.070726915	-0.098814443	-0.015137031	0.041352783	-0.103196026	0.023039411	-0.035720789	-0.126829348	0.138028301	0.034420663	0.04956123	0.098472382	0.017123502	0.147644378	0.038597091	0.106639313	0.131194474	0.171032702	0.101088552	0.217321523	0.097448137	0.094473652	-0.043425704	0.071895478	0.073038323	0.021163355	0.012918121	-0.02169035	0.105397535	-0.133685413	-0.067603161	0.052826898	-0.000216453	0.047157446	0.044422347	0.102732662	0.063915511
0.006496274	0.033704405	-0.130421663	-0.227494814	-0.139148492	-0.178023286	0.002521139	-0.103674228	0.017636412	0.065000151	NaN	-0.048818706	-0.107107452	0.059395455	-0.025421743	0.007196813	0.029664041	0.033261332	0.041822557	0.106608785	-0.018439665	-0.053559235	0.060210878	-0.017643717	0.051632521	0.050678114	0.010745425	0.11425097	0.022046595	0.09907019	0.101401844	0.22902082	0.096562267	0.201472897	0.120659614	0.107868312	0.056569452	0.054562146	0.062003045	0.005301696	-0.023069521	-0.104905116	0.054950216	-0.131900124	-0.026517215	0.111607481	0.045625404	0.068973919	0.030005746	0.039974491	0.002842213
-0.033345552	-0.063814156	-0.113327914	-0.229544312	0.038295724	0.009795985	-0.057836366	-0.073438182	-0.109921487	-0.049282603	-0.048818706	NaN	0.208775411	0.061285288	0.055941633	0.089809744	-0.077230229	-0.048756527	-0.138982219	-0.056816359	0.021386351	-0.008546112	0.043289445	-0.020490658	-0.046812379	-0.085450655	0.068414363	0.173966379	-0.029772135	-0.019134217	-0.020391728	5.96E-05	0.091932091	0.029899929	0.004015803	0.058150138	-0.123152888	-0.08134885	-0.151160104	-0.004019734	-0.140511186	-0.100271387	0.113381904	-0.23545976	-0.095114344	-0.017619606	-0.053321763	0.112934981	0.047996705	0.003784917	-0.032064644
